1: 32|0|2 31|30|1.732 2|60|1 3|90|1.732
2: 31|0|1 30|30|1.732 29|60|2 4|90|1.732 3|120|1 1|240|1 32|330|1.732
3: 30|0|2 29|30|1.732 4|60|1 5|90|1.732 1|270|1.732 2|300|1 31|330|1.732
4: 29|0|1 28|30|1.732 27|60|2 6|90|1.732 5|120|1 3|240|1 2|270|1.732 31|300|2 30|330|1.732
5: 28|0|2 27|30|1.732 6|60|1 7|90|1.732 3|270|1.732 4|300|1 29|330|1.732
6: 27|0|1 26|30|1.732 25|60|2 8|90|1.732 7|120|1 5|240|1 4|270|1.732 29|300|2 28|330|1.732
7: 26|0|2 25|30|1.732 8|60|1 9|90|1.732 5|270|1.732 6|300|1 27|330|1.732
8: 25|0|1 24|30|1.732 23|60|2 10|90|1.732 9|120|1 7|240|1 6|270|1.732 27|300|2 26|330|1.732
9: 24|0|2 23|30|1.732 10|60|1 11|90|1.732 7|270|1.732 8|300|1 25|330|1.732
10: 23|0|1 22|30|1.732 21|60|2 12|90|1.732 11|120|1 9|240|1 8|270|1.732 25|300|2 24|330|1.732
11: 22|0|2 21|30|1.732 12|60|1 13|90|1.732 9|270|1.732 10|300|1 23|330|1.732
12: 21|0|1 20|30|1.732 19|60|2 14|90|1.732 13|120|1 11|240|1 10|270|1.732 23|300|2 22|330|1.732
13: 20|0|2 19|30|1.732 14|60|1 15|90|1.732 11|270|1.732 12|300|1 21|330|1.732
14: 19|0|1 18|30|1.732 17|60|2 16|90|1.732 15|120|1 13|240|1 12|270|1.732 21|300|2 20|330|1.732
15: 18|0|2 17|30|1.732 16|60|1 13|270|1.732 14|300|1 19|330|1.732
16: 17|0|1 15|240|1 14|270|1.732 19|300|2 18|330|1.732
17: 48|0|2 16|180|1 15|210|1.732 14|240|2 19|270|1.732 18|300|1 47|330|1.732
18: 47|0|1 48|30|1.732 17|120|1 16|150|1.732 15|180|2 14|210|1.732 19|240|1 20|270|1.732 45|300|2 46|330|1.732
19: 46|0|2 47|30|1.732 18|60|1 17|90|1.732 16|120|2 15|150|1.732 14|180|1 13|210|1.732 12|240|2 21|270|1.732 20|300|1 45|330|1.732
20: 45|0|1 46|30|1.732 47|60|2 18|90|1.732 19|120|1 14|150|1.732 13|180|2 12|210|1.732 21|240|1 22|270|1.732 43|300|2 44|330|1.732
21: 44|0|2 45|30|1.732 20|60|1 19|90|1.732 14|120|2 13|150|1.732 12|180|1 11|210|1.732 10|240|2 23|270|1.732 22|300|1 43|330|1.732
22: 43|0|1 44|30|1.732 45|60|2 20|90|1.732 21|120|1 12|150|1.732 11|180|2 10|210|1.732 23|240|1 24|270|1.732 41|300|2 42|330|1.732
23: 42|0|2 43|30|1.732 22|60|1 21|90|1.732 12|120|2 11|150|1.732 10|180|1 9|210|1.732 8|240|2 25|270|1.732 24|300|1 41|330|1.732
24: 41|0|1 42|30|1.732 43|60|2 22|90|1.732 23|120|1 10|150|1.732 9|180|2 8|210|1.732 25|240|1 26|270|1.732 39|300|2 40|330|1.732
25: 40|0|2 41|30|1.732 24|60|1 23|90|1.732 10|120|2 9|150|1.732 8|180|1 7|210|1.732 6|240|2 27|270|1.732 26|300|1 39|330|1.732
26: 39|0|1 40|30|1.732 41|60|2 24|90|1.732 25|120|1 8|150|1.732 7|180|2 6|210|1.732 27|240|1 28|270|1.732 37|300|2 38|330|1.732
27: 38|0|2 39|30|1.732 26|60|1 25|90|1.732 8|120|2 7|150|1.732 6|180|1 5|210|1.732 4|240|2 29|270|1.732 28|300|1 37|330|1.732
28: 37|0|1 38|30|1.732 39|60|2 26|90|1.732 27|120|1 6|150|1.732 5|180|2 4|210|1.732 29|240|1 30|270|1.732 35|300|2 36|330|1.732
29: 36|0|2 37|30|1.732 28|60|1 27|90|1.732 6|120|2 5|150|1.732 4|180|1 3|210|1.732 2|240|2 31|270|1.732 30|300|1 35|330|1.732
30: 35|0|1 36|30|1.732 37|60|2 28|90|1.732 39|120|1 4|150|1.732 3|180|2 2|210|1.732 31|240|1 32|270|1.732 33|300|2 34|330|1.732
31: 34|0|2 35|30|1.732 30|60|1 29|90|1.732 4|120|2 3|150|1.732 2|180|1 1|210|1.732 33|330|1.732
32: 33|0|1 34|30|1.732 35|60|2 30|90|1.732 31|120|1 24|150|2 1|180|2
33: 64|0|2 63|30|1.732 34|60|1 35|90|1.732 30|120|2 31|150|1.732 32|180|1
34: 63|0|1 62|30|1.732 61|60|2 36|90|1.732 35|120|1 30|150|1.732 31|180|2 32|210|1.732 33|240|1 64|330|1.732
35: 62|0|2 61|30|1.732 36|60|1 37|90|1.732 28|120|2 29|150|1.732 30|180|1 31|210|1.732 32|240|2 33|270|1.732 34|300|1 63|330|1.732
36: 29|0|1 60|30|1.732 59|60|2 38|90|1.732 37|120|1 28|150|1.732 29|180|2 30|210|1.732 35|240|1 34|270|1.732 63|300|2 62|330|1.732
37: 28|0|2 59|30|1.732 38|60|1 39|90|1.732 26|120|2 27|150|1.732 28|180|1 29|210|1.732 30|240|2 35|270|1.732 36|300|1 61|330|1.732
38: 27|0|1 58|30|1.732 57|60|2 40|90|1.732 39|120|1 26|150|1.732 27|180|2 28|210|1.732 37|240|1 36|270|1.732 61|300|2 60|330|1.732
39: 26|0|2 57|30|1.732 40|60|1 41|90|1.732 24|120|2 25|150|1.732 26|180|1 27|210|1.732 28|240|2 37|270|1.732 38|300|1 59|330|1.732
40: 25|0|1 56|30|1.732 55|60|2 42|90|1.732 41|120|1 24|150|1.732 25|180|2 26|210|1.732 39|240|1 38|270|1.732 59|300|2 58|330|1.732
41: 24|0|2 55|30|1.732 42|60|1 43|90|1.732 22|120|2 23|150|1.732 24|180|1 25|210|1.732 26|240|2 39|270|1.732 40|300|1 57|330|1.732
42: 23|0|1 54|30|1.732 53|60|2 44|90|1.732 43|120|1 22|150|1.732 23|180|2 24|210|1.732 41|240|1 40|270|1.732 57|300|2 56|330|1.732
43: 22|0|2 53|30|1.732 44|60|1 45|90|1.732 20|120|2 21|150|1.732 22|180|1 23|210|1.732 24|240|2 41|270|1.732 42|300|1 55|330|1.732
44: 21|0|1 52|30|1.732 51|60|2 46|90|1.732 45|120|1 20|150|1.732 21|180|2 22|210|1.732 43|240|1 42|270|1.732 55|300|2 54|330|1.732
45: 20|0|2 51|30|1.732 46|60|1 47|90|1.732 18|120|2 19|150|1.732 20|180|1 21|210|1.732 22|240|2 43|270|1.732 44|300|1 53|330|1.732
46: 19|0|1 50|30|1.732 49|60|2 48|90|1.732 47|120|1 18|150|1.732 19|180|2 20|210|1.732 45|240|1 44|270|1.732 53|300|2 52|330|1.732
47: 50|0|2 49|30|1.732 48|60|1 17|150|1.732 18|180|1 19|210|1.732 20|240|2 45|270|1.732 46|300|1 51|330|1.732
48: 49|0|1 17|180|2 17|210|1.732 47|240|1 46|270|1.732 51|300|2 50|330|1.732
49: 80|0|2 48|180|1 47|210|1.732 46|240|2 51|270|1.732 50|300|1 79|330|1.732
50: 79|0|1 80|30|1.732 49|120|1 48|150|1.732 47|180|2 46|210|1.732 51|240|1 52|270|1.732 77|300|2 78|330|1.732
51: 78|0|2 79|30|1.732 50|60|1 49|90|1.732 48|120|2 47|150|1.732 46|180|1 45|210|1.732 44|240|2 53|270|1.732 52|300|1 77|330|1.732
52: 77|0|1 78|30|1.732 79|60|2 50|90|1.732 51|120|1 46|150|1.732 45|180|2 44|210|1.732 53|240|1 54|270|1.732 75|300|2 76|330|1.732
53: 76|0|2 77|30|1.732 52|60|1 51|90|1.732 46|120|2 45|150|1.732 44|180|1 43|210|1.732 42|240|2 55|270|1.732 54|300|1 75|330|1.732
54: 75|0|1 76|30|1.732 77|60|2 52|90|1.732 53|120|1 44|150|1.732 43|180|2 42|210|1.732 55|240|1 56|270|1.732 73|300|2 74|330|1.732
55: 74|0|2 75|30|1.732 54|60|1 53|90|1.732 44|120|2 43|150|1.732 42|180|1 41|210|1.732 40|240|2 57|270|1.732 56|300|1 73|330|1.732
56: 73|0|1 74|30|1.732 75|60|2 54|90|1.732 55|120|1 42|150|1.732 41|180|2 40|210|1.732 57|240|1 58|270|1.732 71|300|2 72|330|1.732
57: 72|0|2 73|30|1.732 56|60|1 55|90|1.732 42|120|2 41|150|1.732 40|180|1 39|210|1.732 38|240|2 59|270|1.732 58|300|1 71|330|1.732
58: 71|0|1 72|30|1.732 73|60|2 56|90|1.732 57|120|1 40|150|1.732 39|180|2 38|210|1.732 59|240|1 60|270|1.732 69|300|2 70|330|1.732
59: 70|0|2 71|30|1.732 58|60|1 57|90|1.732 40|120|2 39|150|1.732 38|180|1 37|210|1.732 36|240|2 61|270|1.732 60|300|1 69|330|1.732
60: 69|0|1 70|30|1.732 71|60|2 58|90|1.732 59|120|1 38|150|1.732 37|180|2 36|210|1.732 61|240|1 62|270|1.732 67|300|2 68|330|1.732
61: 68|0|2 69|30|1.732 60|60|1 59|90|1.732 38|120|2 37|150|1.732 36|180|1 35|210|1.732 34|240|2 63|270|1.732 62|300|1 67|330|1.732
62: 67|0|1 68|30|1.732 69|60|2 60|90|1.732 71|120|1 36|150|1.732 35|180|2 34|210|1.732 63|240|1 64|270|1.732 65|300|2 66|330|1.732
63: 66|0|2 67|30|1.732 62|60|1 61|90|1.732 36|120|2 35|150|1.732 34|180|1 33|210|1.732 65|330|1.732
64: 65|0|1 66|30|1.732 67|60|2 62|90|1.732 63|120|1 56|150|2 33|180|2
65: 96|0|2 95|30|1.732 66|60|1 67|90|1.732 62|120|2 63|150|1.732 64|180|1
66: 95|0|1 94|30|1.732 93|60|2 68|90|1.732 67|120|1 62|150|1.732 63|180|2 64|210|1.732 65|240|1 96|330|1.732
67: 94|0|2 93|30|1.732 68|60|1 69|90|1.732 60|120|2 61|150|1.732 62|180|1 63|210|1.732 64|240|2 65|270|1.732 66|300|1 95|330|1.732
68: 61|0|1 92|30|1.732 91|60|2 70|90|1.732 69|120|1 60|150|1.732 61|180|2 62|210|1.732 67|240|1 66|270|1.732 95|300|2 94|330|1.732
69: 60|0|2 91|30|1.732 70|60|1 71|90|1.732 58|120|2 59|150|1.732 60|180|1 61|210|1.732 62|240|2 67|270|1.732 68|300|1 93|330|1.732
70: 59|0|1 90|30|1.732 89|60|2 72|90|1.732 71|120|1 58|150|1.732 59|180|2 60|210|1.732 69|240|1 68|270|1.732 93|300|2 92|330|1.732
71: 58|0|2 89|30|1.732 72|60|1 73|90|1.732 56|120|2 57|150|1.732 58|180|1 59|210|1.732 60|240|2 69|270|1.732 70|300|1 91|330|1.732
72: 57|0|1 88|30|1.732 87|60|2 74|90|1.732 73|120|1 56|150|1.732 57|180|2 58|210|1.732 71|240|1 70|270|1.732 91|300|2 90|330|1.732
73: 56|0|2 87|30|1.732 74|60|1 75|90|1.732 54|120|2 55|150|1.732 56|180|1 57|210|1.732 58|240|2 71|270|1.732 72|300|1 89|330|1.732
74: 55|0|1 86|30|1.732 85|60|2 76|90|1.732 75|120|1 54|150|1.732 55|180|2 56|210|1.732 73|240|1 72|270|1.732 89|300|2 88|330|1.732
75: 54|0|2 85|30|1.732 76|60|1 77|90|1.732 52|120|2 53|150|1.732 54|180|1 55|210|1.732 56|240|2 73|270|1.732 74|300|1 87|330|1.732
76: 53|0|1 84|30|1.732 83|60|2 78|90|1.732 77|120|1 52|150|1.732 53|180|2 54|210|1.732 75|240|1 74|270|1.732 87|300|2 86|330|1.732
77: 52|0|2 83|30|1.732 78|60|1 79|90|1.732 50|120|2 51|150|1.732 52|180|1 53|210|1.732 54|240|2 75|270|1.732 76|300|1 85|330|1.732
78: 51|0|1 82|30|1.732 81|60|2 80|90|1.732 79|120|1 50|150|1.732 51|180|2 52|210|1.732 77|240|1 76|270|1.732 85|300|2 84|330|1.732
79: 82|0|2 81|30|1.732 80|60|1 49|150|1.732 50|180|1 51|210|1.732 52|240|2 77|270|1.732 78|300|1 83|330|1.732
80: 81|0|1 49|180|2 49|210|1.732 79|240|1 46|270|1.732 83|300|2 82|330|1.732
81: 112|0|2 80|180|1 79|210|1.732 78|240|2 83|270|1.732 82|300|1 111|330|1.732
82: 111|0|1 112|30|1.732 81|120|1 80|150|1.732 79|180|2 78|210|1.732 83|240|1 84|270|1.732 109|300|2 110|330|1.732
83: 110|0|2 111|30|1.732 82|60|1 81|90|1.732 80|120|2 79|150|1.732 78|180|1 77|210|1.732 76|240|2 85|270|1.732 84|300|1 109|330|1.732
84: 109|0|1 110|30|1.732 111|60|2 82|90|1.732 83|120|1 78|150|1.732 77|180|2 76|210|1.732 85|240|1 86|270|1.732 107|300|2 108|330|1.732
85: 108|0|2 109|30|1.732 84|60|1 83|90|1.732 78|120|2 77|150|1.732 76|180|1 75|210|1.732 74|240|2 87|270|1.732 86|300|1 107|330|1.732
86: 107|0|1 108|30|1.732 109|60|2 84|90|1.732 85|120|1 76|150|1.732 75|180|2 74|210|1.732 87|240|1 88|270|1.732 105|300|2 106|330|1.732
87: 106|0|2 107|30|1.732 86|60|1 85|90|1.732 76|120|2 75|150|1.732 74|180|1 73|210|1.732 72|240|2 89|270|1.732 88|300|1 105|330|1.732
88: 105|0|1 106|30|1.732 107|60|2 86|90|1.732 87|120|1 74|150|1.732 73|180|2 72|210|1.732 89|240|1 90|270|1.732 103|300|2 104|330|1.732
89: 104|0|2 105|30|1.732 88|60|1 87|90|1.732 74|120|2 73|150|1.732 72|180|1 71|210|1.732 70|240|2 91|270|1.732 90|300|1 103|330|1.732
90: 103|0|1 104|30|1.732 105|60|2 88|90|1.732 89|120|1 72|150|1.732 71|180|2 70|210|1.732 91|240|1 92|270|1.732 101|300|2 102|330|1.732
91: 102|0|2 103|30|1.732 90|60|1 89|90|1.732 72|120|2 71|150|1.732 70|180|1 69|210|1.732 68|240|2 93|270|1.732 92|300|1 101|330|1.732
92: 101|0|1 102|30|1.732 103|60|2 90|90|1.732 91|120|1 70|150|1.732 69|180|2 68|210|1.732 93|240|1 94|270|1.732 99|300|2 100|330|1.732
93: 100|0|2 101|30|1.732 92|60|1 91|90|1.732 70|120|2 69|150|1.732 68|180|1 67|210|1.732 66|240|2 95|270|1.732 94|300|1 99|330|1.732
94: 99|0|1 100|30|1.732 101|60|2 92|90|1.732 103|120|1 68|150|1.732 67|180|2 66|210|1.732 95|240|1 96|270|1.732 97|300|2 98|330|1.732
95: 98|0|2 99|30|1.732 94|60|1 93|90|1.732 68|120|2 67|150|1.732 66|180|1 65|210|1.732 97|330|1.732
96: 97|0|1 98|30|1.732 99|60|2 94|90|1.732 95|120|1 88|150|2 65|180|2
97: 128|0|2 127|30|1.732 98|60|1 99|90|1.732 94|120|2 95|150|1.732 96|180|1
98: 127|0|1 126|30|1.732 125|60|2 100|90|1.732 99|120|1 94|150|1.732 95|180|2 96|210|1.732 97|240|1 128|330|1.732
99: 126|0|2 125|30|1.732 100|60|1 101|90|1.732 92|120|2 93|150|1.732 94|180|1 95|210|1.732 96|240|2 97|270|1.732 98|300|1 127|330|1.732
100: 93|0|1 124|30|1.732 123|60|2 102|90|1.732 101|120|1 92|150|1.732 93|180|2 94|210|1.732 99|240|1 98|270|1.732 127|300|2 126|330|1.732
101: 92|0|2 123|30|1.732 102|60|1 103|90|1.732 90|120|2 91|150|1.732 92|180|1 93|210|1.732 94|240|2 99|270|1.732 100|300|1 125|330|1.732
102: 91|0|1 122|30|1.732 121|60|2 104|90|1.732 103|120|1 90|150|1.732 91|180|2 92|210|1.732 101|240|1 100|270|1.732 125|300|2 124|330|1.732
103: 90|0|2 121|30|1.732 104|60|1 105|90|1.732 88|120|2 89|150|1.732 90|180|1 91|210|1.732 92|240|2 101|270|1.732 102|300|1 123|330|1.732
104: 89|0|1 120|30|1.732 119|60|2 106|90|1.732 105|120|1 88|150|1.732 89|180|2 90|210|1.732 103|240|1 102|270|1.732 123|300|2 122|330|1.732
105: 88|0|2 119|30|1.732 106|60|1 107|90|1.732 86|120|2 87|150|1.732 88|180|1 89|210|1.732 90|240|2 103|270|1.732 104|300|1 121|330|1.732
106: 87|0|1 118|30|1.732 117|60|2 108|90|1.732 107|120|1 86|150|1.732 87|180|2 88|210|1.732 105|240|1 104|270|1.732 121|300|2 120|330|1.732
107: 86|0|2 117|30|1.732 108|60|1 109|90|1.732 84|120|2 85|150|1.732 86|180|1 87|210|1.732 88|240|2 105|270|1.732 106|300|1 119|330|1.732
108: 85|0|1 116|30|1.732 115|60|2 110|90|1.732 109|120|1 84|150|1.732 85|180|2 86|210|1.732 107|240|1 106|270|1.732 119|300|2 118|330|1.732
109: 84|0|2 115|30|1.732 110|60|1 111|90|1.732 82|120|2 83|150|1.732 84|180|1 85|210|1.732 86|240|2 107|270|1.732 108|300|1 117|330|1.732
110: 83|0|1 114|30|1.732 113|60|2 112|90|1.732 111|120|1 82|150|1.732 83|180|2 84|210|1.732 109|240|1 108|270|1.732 117|300|2 116|330|1.732
111: 114|0|2 113|30|1.732 112|60|1 81|150|1.732 82|180|1 83|210|1.732 84|240|2 109|270|1.732 110|300|1 115|330|1.732
112: 113|0|1 81|180|2 81|210|1.732 111|240|1 46|270|1.732 115|300|2 114|330|1.732
113: 112|180|1 111|210|1.732 110|240|2 115|270|1.732 114|300|1
114: 113|120|1 112|150|1.732 111|180|2 110|210|1.732 115|240|1 116|270|1.732
115: 114|60|1 113|90|1.732 112|120|2 111|150|1.732 110|180|1 109|210|1.732 108|240|2 117|270|1.732 116|300|1
116: 114|90|1.732 115|120|1 110|150|1.732 109|180|2 108|210|1.732 117|240|1 118|270|1.732
117: 116|60|1 115|90|1.732 110|120|2 109|150|1.732 108|180|1 107|210|1.732 106|240|2 119|270|1.732 118|300|1
118: 116|90|1.732 117|120|1 108|150|1.732 107|180|2 106|210|1.732 119|240|1 120|270|1.732
119: 118|60|1 117|90|1.732 108|120|2 107|150|1.732 106|180|1 105|210|1.732 104|240|2 121|270|1.732 120|300|1
120: 118|90|1.732 119|120|1 106|150|1.732 105|180|2 104|210|1.732 121|240|1 122|270|1.732
121: 120|60|1 119|90|1.732 106|120|2 105|150|1.732 104|180|1 103|210|1.732 102|240|2 123|270|1.732 122|300|1
122: 120|90|1.732 121|120|1 104|150|1.732 103|180|2 102|210|1.732 123|240|1 124|270|1.732
123: 122|60|1 121|90|1.732 104|120|2 103|150|1.732 102|180|1 101|210|1.732 100|240|2 125|270|1.732 124|300|1
124: 122|90|1.732 123|120|1 102|150|1.732 101|180|2 100|210|1.732 125|240|1 126|270|1.732
125: 124|60|1 123|90|1.732 102|120|2 101|150|1.732 100|180|1 99|210|1.732 98|240|2 127|270|1.732 126|300|1
126: 124|90|1.732 125|120|1 100|150|1.732 99|180|2 98|210|1.732 127|240|1 128|270|1.732
127: 126|60|1 125|90|1.732 100|120|2 99|150|1.732 98|180|1 97|210|1.732 128|300|1
128: 126|90|1.732 127|120|1 98|150|2 97|180|2