1: 6|0|1 7|30|1.732 8|60|2 3|90|1.732 2|120|1
2: 1|300|1 6|330|1.732 7|0|2 8|30|1.732 3|60|1
3: 2|240|1 1|270|1.732 6|300|2 7|330|1.732 8|0|1 9|30|1.732 10|60|2 5|90|1.732 4|120|1
4: 3|300|1 8|330|1.732 9|0|2 10|30|1.732 5|60|1
5: 4|240|1 3|270|1.732 8|300|2 9|330|1.732 10|0|1
6: 11|30|1.732 7|60|1 8|90|1.732 3|120|2 2|150|1.732 1|180|1
7: 11|0|1 12|30|1.732 13|60|2 9|90|1.732 8|120|1 3|150|1.732 2|180|2 1|210|1.732 6|240|1
8: 12|0|2 13|30|1.732 9|60|1 10|90|1.732 5|120|2 4|150|1.732 3|180|1 2|210|1.732 1|240|2 6|270|1.732 7|300|1 11|330|1.732
9: 13|0|1 10|120|1 5|150|1.732 4|180|2 3|210|1.732 8|240|1 7|270|1.732 11|300|1.732 12|330|1.732
10: 5|180|1 4|210|1.732 3|240|2 8|270|1.732 9|300|1 13|330|1.732
11: 14|0|2 15|30|1.732 12|60|1 13|90|1.732 9|120|2 8|150|1.732 7|180|1 6|210|1.732
12: 15|0|1 16|30|1.732 13|120|1 9|150|1.732 8|180|2 7|210|1.732 11|240|1
13: 16|0|2 10|150|1.732 9|180|1 8|210|1.732 7|240|2 11|270|1.732 12|300|1
14: 18|0|1 19|30|1.732 20|60|2 16|90|1.732 15|120|1 12|150|1.732 11|180|1 17|330|1.732
15: 19|0|2 20|30|1.732 16|60|1 13|150|1.732 12|180|1 11|210|1.732
16: 20|0|1 21|30|1.732 13|180|2 12|210|1.732 15|240|1 14|270|1.732 18|300|2 19|330|1.732
17: 19|90|1.732 18|120|1 14|150|1.732
18: 19|60|1 20|90|1.732 16|120|2 15|150|1.732 14|180|1 17|300|1
19: 21|90|1.732 20|120|1 16|150|1.732 15|180|2 14|210|1.732 18|240|1 17|270|1.732
20: 21|60|1 16|180|1 15|210|1.732 14|240|2 18|270|1.732 19|300|1
21: 16|210|1.732 20|240|1 19|270|1.732