1: 14|0|1 13|30|1.732 12|60|2 3|90|1.732 2|120
2: 13|0|2 12|30|1.732 3|60|1 4|90|1.732 1|300|1 14|330|1.732
3: 12|0|1 11|30|1.732 10|60|2 5|90|1.732 4|120 2|240|1 1|270|1.732 14|300|2 13|330|1.732
4: 11|0|2 10|30|1.732 5|60|1 6|90|1.732 2|270|1.732 3|300|1 12|330|1.732
5: 10|0|1 9|30|1.732 8|60|2 7|90|1.732 6|120 4|240|1 3|270|1.732 12|300|2 11|330|1.732
6: 9|0|2 8|30|1.732 7|60|1 4|270|1.732 5|300|1 10|330|1.732
7: 8|0|1 6|240|1 5|270|1.732 10|300|2 9|330|1.732
8: 7|180|1 6|210|1.732 5|240|2 10|270|1.732 9|300|1 19|330|1.732
9: 19|0|1 8|120|1.732 7|150|1.732 6|180|2 5|210|1.732 10|240|1 11|270|1.732 17|300|2 18|330|1.732
10: 18|0|2 19|30|1.732 9|60|1 8|90|1.732 7|120|2 6|150|1.732 5|180|1 4|210|1.732 3|240|2 12|270|1.732 11|300|1 17|330|1.732
11: 17|0|1 18|30|1.732 19|60|2 9|90|1.732 10|120|1 5|150|1.732 4|180|2 3|210|1.732 12|240|1 13|270|1.732 15|300|2 16|330|1.732
12: 16|0|2 17|30|1.732 11|60|1 10|90|1.732 5|120|2 4|150|1.732 3|180|1 2|210|1.732 1|240|2 14|270|1.732 13|300|1 15|330|1.732
13: 15|0|1 16|30|1.732 17|60|2 11|90|1.732 12|120|1 3|150|1.732 2|180|2 1|210|1.732 14|240|1
14: 15|30|1.732 13|60|1 12|90|1.732 3|120|2 2|150|1.732 1|180|1
15: 24|0|2 23|30|1.732 16|60|1 17|90|1.732 11|120|2 12|150|1.732 13|180|1 14|210|1.732
16: 23|0|1 22|30|1.732 21|60|2 18|90|1.732 17|120|1 11|150|1.732 12|180|2 13|210|1.732 15|240|1 24|330|1.732
17: 22|0|2 21|30|1.732 18|60|1 19|90|1.732 9|120|2 10|150|1.732 11|180|1 12|210|1.732 13|240|2 15|270|1.732 16|300|1 23|330|1.732
18: 21|0|1 20|30|1.732 19|120|1 9|150|1.732 10|180|2 11|210|1.732 17|240|1 16|270|1.732 23|300|2 22|330|1.732
19: 20|0|2 8|150|.1732 9|180|1 10|210|1.732 11|240|2 17|270|1.732 18|300|1 21|330|1.732
20: 29|0|1 19|180|2 18|210|1.732 21|240|1 22|270|1.732 27|300|2 28|330|1.732
21: 28|0|2 29|30|1.732 20|60|1 19|150|1.732 18|180|1 17|210|1.732 16|240|2 23|270|1.732 22|300|1 27|330|1.732
22: 27|0|1 28|30|1.732 29|60|2 20|90|1.732 21|120|1 18|150|1.732 17|180|2 16|210|1.732 23|240|1 24|270|1.732 25|300|2 26|330|1.732
23: 26|0|2 27|30|1.732 22|60|1 21|90|1.732 18|120|2 17|150|1.732 16|180|1 15|210|1.732 24|300|1 25|330|1.732
24: 25|0|1 26|30|1.732 27|60|2 22|90|1.732 23|210|1 16|150|1.732 15|180|2
25: 34|0|2 33|30|1.732 26|60|1 27|90|1.732 22|120|2 23|150|1.732 24|180|1
26: 33|0|1 32|30|1.732 31|60|2 28|90|1.732 27|120|1 22|150|1.732 23|180|2 24|210|1.732 25|240|1 34|330|1.732
27: 32|0|2 31|30|1.732 28|60|1 29|90|1.732 20|120|2 21|150|1.732 22|180|1 23|210|1.732 24|240|2 25|270|1.732 26|300|1 33|330|1.732
28: 31|0|1 30|30|1.732 29|120|1 20|150|1.732 21|180|2 22|210|1.732 27|240|1 26|270|1.732 33|300|2 32|330|1.732
29: 30|0|2 20|180|1 21|210|1.732 22|240|2 27|270|1.732 28|300|1 31|330|1.732
30: 39|0|1 29|180|2 28|210|1.732 31|240|1 32|270|1.732 37|300|2 38|330|1.732
31: 38|0|2 39|30|1.732 30|60|1 29|150|1.732 28|180|1 27|210|1.732 26|240|2 33|270|1.732 32|300|1 37|330|1.732
32: 37|0|1 38|30|1.732 39|60|2 30|90|1.732 31|120|1 28|150|1.732 27|180|2 26|210|1.732 33|240|1 34|270|1.732 35|300|2 36|330|1.732
33: 36|0|2 37|30|1.732 32|60|1 31|90|1.732 28|120|2 27|150|1.732 26|180|1 25|210|1.732 34|300|1 35|330|1.732
34: 35|0|1 36|30|1.732 37|60|2 32|90|1.732 33|120|1 26|150|1.732 25|180|2
35: 43|30|1.732 36|60|1 37|90|1.732 32|120|2 33|150|1.732 34|180|1
36: 43|0|1 42|30|1.732 41|60|2 38|90|1.732 37|120|1 32|150|1.732 33|180|2 34|210|1.732 35|240|1
37: 42|0|2 41|30|1.732 38|60|1 39|90|1.732 30|120|2 31|150|1.732 32|180|1 33|210|1.732 34|240|2 35|270|1.732 36|300|1 43|330|1.732
38: 41|0|1 39|120|1 30|150|1.732 31|180|2 32|210|1.732 37|240|1 36|270|1.732 43|300|2 42|330|1.732
39: 30|180|0 31|210|1.732 32|240|2 37|270|1.732 38|300|1 41|330|1.732
40: 50|0|1 51|30|1.732 48|300|2 49|330|1.732
41: 47|0|2 48|30|1.732 39|150|1.732 38|180|1 37|210|1.732 36|240|2 43|270|1.732 42|300|1 46|330|1.732
42: 46|0|1 47|30|1.732 48|60|2 41|120|1 38|150|1.732 37|180|2 36|210|1.732 43|240|1 44|300|2 45|330|1.732
43: 45|0|2 46|30|1.732 42|60|1 41|90|1.732 38|120|2 37|150|1.732 36|180|1 35|210|1.732 44|330|1.732
44: 64|0|2 63|30|1.732 45|60|1 46|90|1.732 42|120|2 43|150|1.732 65|240|2 67|270|1.732 66|300|1 71|330|1.732
45: 63|0|1 62|30|1.732 61|60|2 47|90|1.732 46|120|1 42|150|1.732 43|180|2 44|240|1 66|270|1.732 71|300|2 64|330|1.732
46: 62|0|2 61|30|1.732 47|60|1 48|90|1.732 41|150|1.732 42|180|1 43|210|1.732 44|270|1.732 45|300|1 63|330|1.732
47: 61|0|1 60|30|1.732 59|60|2 49|90|1.732 48|120|1 41|180|2 42|210|1.732 46|240|1 45|270|1.732 63|300|2 62|330|1.732
48: 60|0|2 59|30|1.732 49|60|1 50|90|1.732 40|120|2 41|210|1.732 42|240|2 46|270|1.732 47|300|1 61|330|1.732
49: 59|0|1 58|30|1.732 52|60|2 51|90|1.732 50|120|1 40|150|1.732 48|240|1 47|270|1.732 61|300|2 60|330|1.732
50: 58|0|2 52|30|1.732 51|60|1 40|180|1 48|270|1.732 49|300|1 59|330|1.732
51: 52|0|1 40|210|1.732 50|240|1 49|270|1.732 59|300|2 58|330|1.732
52: 53|0|2 51|180|1 50|210|1.732 49|240|2 59|270|1.732 58|300|1 57|330|1.732
53: 56|0|1 54|30|1.732 52|180|2 58|210|1.732 57|240|1
54: 55|0|1 53|210|1.732 56|240|1
55: 54|180|1 56|210|1.732
56: 55|30|1.732 54|60|1 53|180|1 57|210|1.732
57: 56|30|1.732 53|60|1 52|150|1.732 58|180|1 59|210|1.732 60|240|2
58: 57|0|1 53|30|1.732 52|120|1 51|150|1.732 50|180|2 49|210|1.732 59|240|1 60|270|1.732
59: 57|30|1.732 58|60|1 52|90|1.732 51|120|2 50|150|1.732 49|180|1 48|210|1.732 47|240|2 61|270|1.732 60|300|1
60: 57|60|2 58|90|1.732 59|120|1 49|150|1.732 48|180|2 47|210|1.732 61|240|1 62|270|1.732 72|300|2
61: 60|60|1 59|90|1.732 49|120|2 48|150|1.732 47|180|1 46|210|1.732 45|240|2 63|270|1.732 62|300|1 72|330|1.732
62: 72|0|1 60|90|1.732 61|120|1 47|150|1.732 46|180|2 45|210|1.732 63|240|1 64|270|1.732
63: 72|30|1.732 62|60|1 61|90|1.732 47|120|2 46|150|1.732 45|180|1 44|210|1.732 66|240|2 71|270|1.732 64|300|1
64: 72|60|2 62|90|1.732 63|120|1 45|120|1.732 44|180|2 66|210|1.732 71|240|1 70|270|1.732 73|300|2
65: 67|0|1 66|30|1.732 44|60|2 68|330|1.732
66: 71|0|1 64|30|1.732 63|60|2 45|90|1.732 44|120|1 65|210|1.732 67|240|1 68|270|1.732 69|300|2 70|330|1.732
67: 70|0|2 71|30|1.732 66|60|1 44|90|1.732 65|180|1 68|300|1 69|330|1.732
68: 69|0|1 70|30|1.732 71|60|2 66|90|1.732 67|120|1 65|150|1.732
69: 74|0|2 73|30|1.732 70|60|1 71|90|1.732 66|120|2 67|150|1.732 68|180|1
70: 73|0|1 64|90|1.732 71|120|1 66|150|1.732 67|180|2 68|210|1.732 69|240|1 74|330|1.732
71: 64|60|1 63|90|1.732 45|120|2 44|150|1.732 66|180|1 67|210|1.732 68|240|2 69|270|1.732 70|300|1 73|330|1.732
72: 60|120|2 61|150|1.732 62|180|1 63|210|1.732 64|240|2
73: 64|120|2 71|150|1.732 70|180|1 69|210|1.732 74|300|1 75|330|1.732
74: 75|0|1 73|120|1 70|150|1.732 69|180|2 76|330|1.732
75: 73|150|1.732 74|180|1 76|300|1 77|330|1.732
76: 77|0|1 75|120|1 74|150|1.732
77: 75|150|1.732 76|180|1