1: 27|0|2 26|30|1.732 2|60|1 3|90|1.732 28|330|1.732
2: 26|1|0 25|30|1.732 24|60|2 4|90|1.732 3|120|1 1|240|1 28|300|2 27|330|1.732
3: 25|0|2 24|30|1.732 4|60|1 5|90|1.732 1|270|1.732 2|300|1 26|330|1.732
4: 24|1|0 23|30|1.732 22|60|2 6|90|1.732 5|120|1 3|240|1 2|270|1.732 26|300|2 25|330|1.732
5: 23|0|2 22|30|1.732 6|60|1 7|90|1.732 3|270|1.732 4|300|1 24|330|1.732
6: 22|1|0 21|30|1.732 20|60|2 8|90|1.732 7|120|1 3|240|1 4|270|1.732 24|300|2 23|330|1.732
7: 21|0|2 20|30|1.732 8|60|1 9|90|1.732 5|270|1.732 6|300|1 22|330|1.732
8: 20|1|0 19|30|1.732 18|60|2 10|90|1.732 9|120|1 3|240|1 6|270|1.732 22|300|2 21|330|1.732
9: 19|0|2 18|30|1.732 10|60|1 11|90|1.732 7|270|1.732 8|300|1 20|330|1.732
10: 18|1|0 17|30|1.732 16|60|2 12|90|1.732 11|120|1 3|240|1 8|270|1.732 20|300|2 19|330|1.732
11: 17|0|2 16|30|1.732 12|60|1 13|90|1.732 9|270|1.732 10|300|1 18|330|1.732
12: 16|1|0 15|30|1.732 14|60|2 13|120|1 11|240|1 10|270|1.732 18|300|2 17|330|1.732
13: 15|0|2 14|30|1.732 11|270|1.732 12|300|1 16|330|1.732
14: 13|210|1.732 12|240|2 16|270|1.732 15|300|1 41|330|1.732
15: 41|0|1 14|120|1 13|180|2 12|210|1.732 16|240|1 17|270|1.732 39|300|2 40|330|1.732
16: 40|0|2 41|30|1.732 15|60|1 14|90|1.732 13|120|1.732 13|150|1.732 12|180|1 11|210|1.732 10|240|2 18|270|1.732 17|300|1 39|330|1.732
17: 39|0|1 40|30|1.732 41|60|2 15|90|1.732 16|120|1 12|150|1.732 11|180|2 10|210|1.732 18|240|1 19|270|1.732 37|300|2 38|330|1.732
18: 38|0|2 39|30|1.732 17|60|1 16|90|1.732 11|120|1.732 11|150|1.732 10|180|1 9|210|1.732 8|240|2 20|270|1.732 19|300|1 37|330|1.732
19: 37|0|1 38|30|1.732 39|60|2 17|90|1.732 18|120|1 10|150|1.732 9|180|2 8|210|1.732 20|240|1 21|270|1.732 35|300|2 36|330|1.732
20: 36|0|2 37|30|1.732 19|60|1 18|90|1.732 11|120|1.732 9|150|1.732 8|180|1 7|210|1.732 6|240|2 22|270|1.732 21|300|1 35|330|1.732
21: 35|0|1 36|30|1.732 37|60|2 19|90|1.732 20|120|1 8|150|1.732 8|180|2 6|210|1.732 22|240|1 23|270|1.732 33|300|2 34|330|1.732
22: 34|0|2 35|30|1.732 21|60|1 20|90|1.732 11|120|1.732 7|150|1.732 6|180|1 5|210|1.732 4|240|2 24|270|1.732 23|300|1 33|330|1.732
23: 33|0|1 34|30|1.732 35|60|2 21|90|1.732 22|120|1 6|150|1.732 6|180|2 4|210|1.732 24|240|1 25|270|1.732 31|300|2 32|330|1.732
24: 32|0|2 33|30|1.732 23|60|1 22|90|1.732 11|120|1.732 5|150|1.732 4|180|1 3|210|1.732 2|240|2 26|270|1.732 25|300|1 31|330|1.732
25: 31|0|1 32|30|1.732 33|60|2 23|90|1.732 24|120|1 4|150|1.732 4|180|2 2|210|1.732 26|240|1 27|270|1.732 29|300|2 30|330|1.732
26: 30|0|2 31|30|1.732 25|60|1 24|90|1.732 11|120|1.732 3|150|1.732 2|180|1 1|210|1.732 28|270|1.732 27|300|1 29|330|1.732
27: 29|0|1 30|30|1.732 31|60|2 25|90|1.732 26|120|1 2|150|1.732 1|180|2 28|240|1
28: 29|30|1.732 27|60|1 26|90|1.732 2|120|1.732 1|150|1.732
29: 52|30|1.732 30|60|1 31|90|1.732 25|120|2 26|150|1.732 27|180|1 28|210|1.732
30: 52|0|1 51|30|1.732 50|60|2 32|90|1.732 31|120|1 25|150|1.732 26|180|2 27|210|1.732 29|240|1
31: 51|0|2 50|30|1.732 32|60|1 33|90|1.732 23|120|2 24|150|1.732 25|180|1 26|210|1.732 27|240|2 29|270|1.732 30|300|1 52|330|1.732
32: 50|0|1 49|30|1.732 48|60|2 34|90|1.732 33|120|1 23|150|1.732 24|180|2 25|210|1.732 31|240|1 30|270|1.732 52|300|2 51|330|1.732
33: 49|0|2 48|30|1.732 34|60|1 35|90|1.732 21|120|2 22|150|1.732 23|180|1 24|210|1.732 25|240|2 31|270|1.732 32|300|1 50|330|1.732
34: 48|0|1 47|30|1.732 46|60|2 36|90|1.732 35|120|1 21|150|1.732 22|180|2 23|210|1.732 33|240|1 32|270|1.732 50|300|2 49|330|1.732
35: 47|0|2 46|30|1.732 36|60|1 37|90|1.732 19|120|2 20|150|1.732 21|180|1 22|210|1.732 23|240|2 33|270|1.732 34|300|1 48|330|1.732
36: 46|0|1 45|30|1.732 44|60|2 38|90|1.732 37|120|1 19|150|1.732 20|180|2 21|210|1.732 35|240|1 34|270|1.732 48|300|2 47|330|1.732
37: 45|0|2 44|30|1.732 38|60|1 39|90|1.732 17|120|2 18|150|1.732 19|180|1 20|210|1.732 21|240|2 35|270|1.732 36|300|1 46|330|1.732
38: 44|0|1 43|30|1.732 42|60|2 40|90|1.732 39|120|1 17|150|1.732 18|180|2 19|210|1.732 37|240|1 36|270|1.732 46|300|2 45|330|1.732
39: 43|0|2 42|30|1.732 40|60|1 41|90|1.732 15|120|2 16|150|1.732 17|180|1 18|210|1.732 19|240|2 37|270|1.732 38|300|1 44|330|1.732
40: 42|0|1 41|30|1.732 41|120|1 15|150|1.732 16|180|2 17|210|1.732 39|240|1 38|270|1.732 44|300|2 43|330|1.732
41: 24|150|1.732 15|180|1 16|210|1.732 17|240|2 39|270|1.732 40|300|1 42|330|1.732
42: 41|150|1.732 40|180|1 39|210|1.732 38|240|2 44|270|1.732 43|300|1 61|330|1.732
43: 61|0|1 42|120|1 40|150|1.732 39|180|2 38|210|1.732 44|240|1 45|270|1.732 59|300|2 60|330|1.732
44: 60|0|2 61|30|1.732 43|60|1 42|90|1.732 40|120|2 39|150|1.732 38|180|1 37|210|1.732 36|240|2 46|270|1.732 45|300|1 59|330|1
45: 59|0|1 60|30|1.732 61|60|2 43|90|1.732 44|120|1 38|150|1.732 37|180|2 36|210|1.732 46|240|1 47|270|1.732 57|300|2 58|330|1.732
46: 58|0|2 59|30|1.732 45|60|1 44|90|1.732 38|120|2 37|150|1.732 36|180|1 35|210|1.732 34|240|2 48|270|1.732 47|300|1 57|330|1
47: 57|0|1 58|30|1.732 59|60|2 45|90|1.732 46|120|1 36|150|1.732 35|180|2 34|210|1.732 48|240|1 49|270|1.732 55|300|2 56|330|1.732
48: 56|0|2 57|30|1.732 47|60|1 46|90|1.732 36|120|2 35|150|1.732 34|180|1 33|210|1.732 32|240|2 50|270|1.732 49|300|1 55|330|1
49: 55|0|1 56|30|1.732 57|60|2 47|90|1.732 48|120|1 34|150|1.732 33|180|2 32|210|1.732 50|240|1 51|270|1.732 53|300|2 54|330|1.732
50: 54|0|2 55|30|1.732 49|60|1 48|90|1.732 34|120|2 33|150|1.732 32|180|1 31|210|1.732 30|240|2 52|270|1.732 51|300|1 53|330|1
51: 53|0|1 54|30|1.732 55|60|2 49|90|1.732 50|120|1 32|150|1.732 31|180|2 30|210|1.732 52|240|1
52: 53|30|1.732 51|60|1 50|90|1.732 32|120|2 31|150|1.732 30|180|1 29|210|1.732
53: 68|30|1.732 54|60|1 55|90|1.732 49|120|2 50|150|1.732 51|180|1 52|210|1.732
54: 68|0|1 67|30|1.732 66|60|2 56|90|1.732 55|120|1 49|150|1.732 50|180|2 51|210|1.732 53|240|1
55: 67|0|2 66|30|1.732 56|60|1 57|90|1.732 47|120|2 48|150|1.732 49|180|1 50|210|1.732 51|240|1 53|270|1.732 54|300|1 68|330|1.732
56: 66|0|1 65|30|1.732 64|60|2 58|90|1.732 57|120|1 47|150|1.732 48|180|2 49|210|1.732 55|240|1 54|270|1.732 68|300|2 67|330|1.732
57: 65|0|2 64|30|1.732 58|60|1 59|90|1.732 45|120|2 46|150|1.732 47|180|1 48|210|1.732 49|240|1 55|270|1.732 56|300|1 66|330|1.732
58: 64|0|1 63|30|1.732 62|60|2 60|90|1.732 59|120|1 45|150|1.732 46|180|2 47|210|1.732 57|240|1 56|270|1.732 66|300|2 65|330|1.732
59: 63|0|2 62|30|1.732 60|60|1 61|90|1.732 43|120|2 44|150|1.732 45|180|1 46|210|1.732 47|240|1 57|270|1.732 58|300|1 64|330|1.732
60: 62|0|1 61|120|1 43|150|1.732 44|180|2 45|210|1.732 59|240|1 58|270|1.732 64|300|2 63|330|1.732
61: 42|150|1.732 43|180|1 44|210|1.732 45|240|1 59|270|1.732 60|300|1 62|330|1.732
62: 61|150|1.732 60|180|1 59|210|1.732 58|240|2 64|270|1.732 63|300|1 73|330|1.732
63: 73|0|1 62|120|1 60|150|1.732 59|180|2 58|210|1.732 64|240|1 65|270|1.732 71|300|2 72|330|1.732
64: 72|0|2 73|30|1.732 63|60|1 62|90|1.732 60|120|2 59|150|1.732 58|180|1 57|210|1.732 56|240|2 66|270|1.732 65|300|1 71|330|1.732
65: 71|0|1 72|30|1.732 73|60|2 63|90|1.732 64|120|1 58|150|1.732 57|170|2 56|210|1.732 66|240|1 67|270|1.732 69|300|2 70|330|1.732
66: 70|0|2 71|30|1.732 65|60|1 64|90|1.732 57|120|1.732 56|180|1 55|210|1.732 54|240|2 68|270|1.732 67|300|1 70|330|1.732
67: 69|0|1 70|30|1.732 71|60|2 65|90|1.732 66|120|1 56|150|1.732 55|180|2 54|210|1.732 68|240|1
68: 69|30|1.732 67|60|1 66|90|1.732 56|120|2 55|150|1.732 54|180|1 53|210|1.732
69: 76|30|1.732 70|60|1 71|90|1.732 65|120|2 66|150|1.732 67|180|1 68|210|1.732
70: 76|0|1 75|30|1.732 74|60|2 72|90|1.732 71|120|1 65|150|1.732 66|180|2 67|210|1.732 69|240|2
71: 75|0|2 74|30|1.732 72|60|1 73|90|1.732 63|120|2 64|150|1.732 65|180|1 66|210|1.732 67|240|2 69|270|1.732 70|300|1 76|330|1.732
72: 74|0|1 73|120|1 63|150|1.732 64|180|2 65|210|1.732 71|240|1 70|270|1.732 76|300|2 75|330|1.732
73: 62|150|1.732 63|180|1 64|210|1.732 65|240|2 71|270|1.732 72|300|1 74|330|1.732
74: 73|150|1.732 72|180|1 71|210|1.732 70|240|2 76|270|1.732 75|300|1 77|330|1.732
75: 77|0|1 74|120|1 72|150|1.732 71|180|2 70|210|1.732 76|240|1
76: 77|30|1.732 75|60|1 74|90|1.732 72|120|2 71|150|1.732 70|180|1 69|210|1.732
77: 74|120|1.732 75|180|1 76|210|1.732 