1: 36|30|1.732 2|60|1 3|90|1.732
2: 36|0|1 35|30|1.732 34|60|2 4|90|1.732 3|120|1 1|240|1
3: 35|0|2 34|30|1.732 4|60|1 5|90|1.732 1|270|1.732 2|300|1 36|330|1.732
4: 34|0|1 33|30|1.732 32|60|2 6|90|1.732 5|120|1 3|240|1 2|270|1.732 36|300|2 35|330|1.732
5: 33|0|2 32|30|1.732 6|60|1 7|90|1.732 3|270|1.732 4|300|1 34|330|1.732
6: 32|0|1 31|30|1.732 30|60|2 8|90|1.732 7|120|1 5|240|1 4|270|1.732 34|300|2 33|330|1.732
7: 31|0|2 30|30|1.732 8|60|1 9|90|1.732 5|270|1.732 6|300|1 32|330|1.732
8: 30|0|1 29|30|1.732 28|60|2 10|90|1.732 9|120|1 7|240|1 6|270|1.732 32|300|2 31|330|1.732
9: 29|0|2 28|30|1.732 10|60|1 11|90|1.732 7|270|1.732 8|300|1 30|330|1.732
10: 28|0|1 27|30|1.732 26|60|2 12|90|1.732 11|120|1 9|240|1 8|270|1.732 30|300|2 29|330|1.732
11: 27|0|2 26|30|1.732 12|60|1 13|90|1.732 9|270|1.732 10|300|1 28|330|1.732
12: 26|0|1 25|30|1.732 24|60|2 14|90|1.732 13|120|1 11|240|1 10|270|1.732 28|300|2 27|330|1.732
13: 25|0|2 24|30|1.732 14|60|1 15|90|1.732 11|270|1.732 12|300|1 26|330|1.732
14: 24|0|1 23|30|1.732 22|60|2 16|90|1.732 15|120|1 13|240|1 12|270|1.732 26|300|2 25|330|1.732
15: 23|0|2 22|30|1.732 16|60|1 17|90|1.732 13|270|1.732 14|300|1 24|330|1.732
16: 22|0|1 21|30|1.732 20|60|2 18|90|1.732 17|120|1 15|240|1 14|270|1.732 24|300|2 23|330|1.732
17: 21|0|2 20|30|1.732 18|60|1 19|90|1.732 15|270|1.732 16|300|1 22|330|1.732
18: 20|0|1 19|120|1 17|240|1 16|270|1.732 22|300|2 21|330|1.732
19: 17|270|1.732 18|300|1 20|330|1.732
20: 19|150|1.732 18|180|1 17|210|1.732 16|240|2 22|270|1.732 21|300|1 51|330|1.732
21: 51|0|1 20|120|1 18|150|1.732 17|180|2 16|210|1.732 22|240|1 23|270|1.732 49|300|2 50|330|1.732
22: 50|0|2 51|30|1.732 21|60|1 20|90|1.732 18|120|2 17|150|1.732 16|180|1 15|210|1.732 14|240|2 24|270|1.732 23|300|1 49|330|1.732
23: 49|0|1 50|30|1.732 51|60|2 21|90|1.732 22|120|1 16|150|1.732 15|180|2 14|210|1.732 24|240|1 25|270|1.732 47|300|2 48|330|1.732
24: 48|0|2 49|30|1.732 23|60|1 22|90|1.732 16|120|2 15|150|1.732 14|180|1 13|210|1.732 12|240|2 26|270|1.732 25|300|1 47|330|1.732
25: 47|0|1 48|30|1.732 49|60|2 23|90|1.732 24|120|1 14|150|1.732 13|180|2 12|210|1.732 26|240|1 27|270|1.732 45|300|2 46|330|1.732
26: 46|0|2 47|30|1.732 25|60|1 24|90|1.732 14|120|2 13|150|1.732 12|180|1 11|210|1.732 10|240|2 28|270|1.732 27|300|1 45|330|1.732
27: 45|0|1 46|30|1.732 47|60|2 25|90|1.732 26|120|1 12|150|1.732 11|180|2 10|210|1.732 28|240|1 29|270|1.732 43|300|2 44|330|1.732
28: 44|0|2 45|30|1.732 27|60|1 26|90|1.732 12|120|2 11|150|1.732 10|180|1 9|210|1.732 8|240|2 30|270|1.732 29|300|1 43|330|1.732
29: 43|0|1 44|30|1.732 45|60|2 27|90|1.732 28|120|1 10|150|1.732 9|180|2 8|210|1.732 30|240|1 31|270|1.732 41|300|2 42|330|1.732
30: 42|0|2 43|30|1.732 29|60|1 28|90|1.732 10|120|2 9|150|1.732 8|180|1 7|210|1.732 6|240|2 32|270|1.732 31|300|1 41|330|1.732
31: 41|0|1 42|30|1.732 43|60|2 29|90|1.732 30|120|1 8|150|1.732 7|180|2 6|210|1.732 32|240|1 33|270|1.732 39|300|2 40|330|1.732
32: 40|0|2 41|30|1.732 31|60|1 30|90|1.732 8|120|2 7|150|1.732 6|180|1 5|210|1.732 4|240|2 34|270|1.732 33|300|1 39|330|1.732
33: 39|0|1 40|30|1.732 41|60|2 31|90|1.732 32|120|1 6|150|1.732 5|180|2 4|210|1.732 34|240|1 35|270|1.732 37|300|2 38|330|1.732
34: 38|0|2 39|30|1.732 33|60|1 32|90|1.732 6|120|2 5|150|1.732 4|180|1 3|210|1.732 2|240|2 36|270|1.732 35|300|1 37|330|1.732
35: 37|0|1 38|30|1.732 39|60|2 33|90|1.732 34|120|1 4|150|1.732 3|180|2 2|210|1.732 36|240|1
36: 37|30|1.732 35|60|1 34|90|1.732 4|120|2 3|150|1.732 2|180|1 1|210|1.732
37: 64|30|1.732 38|60|1 39|90|1.732 33|120|2 34|150|1.732 35|180|1 36|210|1.732
38: 64|0|1 63|30|1.732 62|60|2 40|90|1.732 39|120|1 33|150|1.732 34|180|2 35|210|1.732 37|240|1
39: 63|0|2 62|30|1.732 40|60|1 41|90|1.732 31|120|2 32|150|1.732 33|180|1 34|210|1.732 35|240|2 37|270|1.732 38|300|1 64|330|1.732
40: 62|0|1 61|30|1.732 60|60|2 42|90|1.732 41|120|1 31|150|1.732 32|180|2 33|210|1.732 39|240|1 38|270|1.732 64|300|2 63|330|1.732
41: 61|0|2 60|30|1.732 42|60|1 43|90|1.732 29|120|2 30|150|1.732 31|180|1 32|210|1.732 33|240|2 39|270|1.732 40|300|1 62|330|1.732
42: 60|0|1 59|30|1.732 58|60|2 44|90|1.732 43|120|1 29|150|1.732 30|180|2 31|210|1.732 41|240|1 40|270|1.732 62|300|2 61|330|1.732
43: 59|0|2 58|30|1.732 44|60|1 45|90|1.732 27|120|2 28|150|1.732 29|180|1 30|210|1.732 31|240|2 41|270|1.732 42|300|1 60|330|1.732
44: 58|0|1 57|30|1.732 56|60|2 46|90|1.732 45|120|1 27|150|1.732 28|180|2 29|210|1.732 43|240|1 42|270|1.732 60|300|2 59|330|1.732
45: 57|0|2 56|30|1.732 46|60|1 47|90|1.732 25|120|2 26|150|1.732 27|180|1 28|210|1.732 29|240|2 43|270|1.732 44|300|1 58|330|1.732
46: 56|0|1 55|30|1.732 54|60|2 48|90|1.732 47|120|1 25|150|1.732 26|180|2 27|210|1.732 45|240|1 44|270|1.732 58|300|2 57|330|1.732
47: 55|0|2 54|30|1.732 48|60|1 49|90|1.732 23|120|2 24|150|1.732 25|180|1 26|210|1.732 27|240|2 45|270|1.732 46|300|1 56|330|1.732
48: 54|0|1 53|30|1.732 52|60|2 50|90|1.732 49|120|1 23|150|1.732 24|180|2 25|210|1.732 47|240|1 46|270|1.732 56|300|2 55|330|1.732
49: 53|0|2 52|30|1.732 50|60|1 51|90|1.732 21|120|2 22|150|1.732 23|180|1 24|210|1.732 25|240|2 47|270|1.732 48|300|1 54|330|1.732
50: 52|0|1 51|120|1 21|150|1.732 22|180|2 23|210|1.732 49|240|1 48|270|1.732 54|300|2 53|330|1.732
51: 20|150|1.732 21|180|1 22|210|1.732 23|240|2 49|270|1.732 50|300|1 52|330|1.732
52: 51|150|1.732 50|180|1 49|210|1.732 48|240|2 54|270|1.732 53|300|1 75|330|1.732
53: 75|0|1 52|120|1 50|150|1.732 49|180|2 48|210|1.732 54|240|1 55|270|1.732 73|300|2 74|330|1.732
54: 74|0|2 75|30|1.732 53|60|1 52|90|1.732 50|120|2 49|150|1.732 48|180|1 47|210|1.732 46|240|2 56|270|1.732 55|300|1 73|330|1.732
55: 73|0|1 74|30|1.732 75|60|2 53|90|1.732 54|120|1 48|150|1.732 47|180|2 46|210|1.732 56|240|1 57|270|1.732 71|300|2 72|330|1.732
56: 72|0|2 73|30|1.732 55|60|1 54|90|1.732 48|120|2 47|150|1.732 46|180|1 45|210|1.732 44|240|2 58|270|1.732 57|300|1 71|330|1.732
57: 71|0|1 72|30|1.732 73|60|2 55|90|1.732 56|120|1 46|150|1.732 45|180|2 44|210|1.732 58|240|1 59|270|1.732 69|300|2 70|330|1.732
58: 70|0|2 71|30|1.732 57|60|1 56|90|1.732 46|120|2 45|150|1.732 44|180|1 43|210|1.732 42|240|2 60|270|1.732 59|300|1 69|330|1.732
59: 69|0|1 70|30|1.732 71|60|2 57|90|1.732 58|120|1 44|150|1.732 43|180|2 42|210|1.732 60|240|1 61|270|1.732 67|300|2 68|330|1.732
60: 68|0|2 69|30|1.732 59|60|1 58|90|1.732 44|120|2 43|150|1.732 42|180|1 41|210|1.732 40|240|2 62|270|1.732 61|300|1 67|330|1.732
61: 67|0|1 68|30|1.732 69|60|2 59|90|1.732 60|120|1 42|150|1.732 41|180|2 40|210|1.732 62|240|1 63|270|1.732 65|300|2 66|330|1.732
62: 66|0|2 67|30|1.732 61|60|1 60|90|1.732 42|120|2 41|150|1.732 40|180|1 39|210|1.732 38|240|2 64|270|1.732 63|300|1 65|330|1.732
63: 65|0|1 66|30|1.732 67|60|2 61|90|1.732 62|120|1 40|150|1.732 39|180|2 38|210|1.732 64|240|1
64: 65|30|1.732 63|60|1 62|90|1.732 40|120|2 39|150|1.732 38|180|1 37|210|1.732
65: 84|30|1.732 66|60|1 67|90|1.732 61|120|2 62|150|1.732 63|180|1 64|210|1.732
66: 84|0|1 83|30|1.732 82|60|2 68|90|1.732 67|120|1 61|150|1.732 62|180|2 63|210|1.732 65|240|1
67: 83|0|2 82|30|1.732 68|60|1 69|90|1.732 59|120|2 60|150|1.732 61|180|1 62|210|1.732 63|240|2 65|270|1.732 66|300|1 84|330|1.732
68: 82|0|1 81|30|1.732 80|60|2 70|90|1.732 69|120|1 59|150|1.732 60|180|2 61|210|1.732 67|240|1 66|270|1.732 84|300|2 83|330|1.732
69: 81|0|2 80|30|1.732 70|60|1 71|90|1.732 57|120|2 58|150|1.732 59|180|1 60|210|1.732 61|240|2 67|270|1.732 68|300|1 82|330|1.732
70: 80|0|1 79|30|1.732 78|60|2 72|90|1.732 71|120|1 57|150|1.732 58|180|2 59|210|1.732 69|240|1 68|270|1.732 82|300|2 81|330|1.732
71: 79|0|2 78|30|1.732 72|60|1 73|90|1.732 55|120|2 56|150|1.732 57|180|1 58|210|1.732 59|240|2 69|270|1.732 70|300|1 80|330|1.732
72: 78|0|1 77|30|1.732 76|60|2 74|90|1.732 73|120|1 55|150|1.732 56|180|2 57|210|1.732 71|240|1 70|270|1.732 80|300|2 79|330|1.732
73: 77|0|2 76|30|1.732 74|60|1 75|90|1.732 53|120|2 54|150|1.732 55|180|1 56|210|1.732 57|240|2 71|270|1.732 72|300|1 78|330|1.732
74: 76|0|1 75|120|1 53|150|1.732 54|180|2 55|210|1.732 73|240|1 72|270|1.732 78|300|2 77|330|1.732
75: 52|150|1.732 53|180|1 54|210|1.732 55|240|2 73|270|1.732 74|300|1 76|330|1.732
76: 75|150|1.732 74|180|1 73|210|1.732 72|240|2 78|270|1.732 77|300|1 91|330|1.732
77: 91|0|1 76|120|1 74|150|1.732 73|180|2 74|210|1.732 78|240|1 79|270|1.732 89|300|2 90|330|1.732
78: 90|0|2 91|30|1.732 77|60|1 76|90|1.732 74|120|2 73|150|1.732 72|180|1 71|210|1.732 70|240|2 80|270|1.732 79|300|1 89|330|1.732
79: 89|0|1 90|30|1.732 91|60|2 77|90|1.732 78|120|1 72|150|1.732 71|180|2 70|210|1.732 80|240|1 81|270|1.732 87|300|2 88|330|1.732
80: 88|0|2 89|30|1.732 79|60|1 78|90|1.732 72|120|2 71|150|1.732 70|180|1 69|210|1.732 68|240|2 82|270|1.732 81|300|1 87|330|1.732
81: 87|0|1 88|30|1.732 89|60|2 79|90|1.732 80|120|1 70|150|1.732 69|180|2 68|210|1.732 82|240|1 83|270|1.732 85|300|2 86|330|1.732
82: 86|0|2 87|30|1.732 81|60|1 80|90|1.732 70|120|2 69|150|1.732 68|180|1 67|210|1.732 66|240|2 84|270|1.732 83|300|1 85|330|1.732
83: 85|0|1 86|30|1.732 87|60|2 81|90|1.732 82|120|1 68|150|1.732 67|180|2 66|210|1.732 84|240|1
84: 85|30|1.732 83|60|1 82|90|1.732 68|120|2 67|150|1.732 66|180|1 65|210|1.732
85: 96|30|1.732 86|60|1 87|90|1.732 81|120|2 82|150|1.732 83|180|1 84|210|1.732
86: 96|0|1 95|30|1.732 94|60|2 88|90|1.732 87|120|1 81|150|1.732 82|180|2 83|210|1.732 85|240|1
87: 95|0|2 94|30|1.732 88|60|1 89|90|1.732 79|120|2 80|150|1.732 81|180|1 82|210|1.732 83|240|2 85|270|1.732 86|300|1 96|330|1.732
88: 94|0|1 93|30|1.732 92|60|2 90|90|1.732 89|120|1 79|150|1.732 80|180|2 81|210|1.732 87|240|1 86|270|1.732 96|300|2 95|330|1.732
89: 93|0|2 92|30|1.732 90|60|1 91|90|1.732 77|120|2 78|150|1.732 79|180|1 80|210|1.732 81|240|2 87|270|1.732 88|300|1 94|330|1.732
90: 92|0|1 91|120|1 77|150|1.732 78|180|2 79|210|1.732 89|240|1 88|270|1.732 94|300|2 93|330|1.732
91: 76|150|1.732 77|180|1 78|210|1.732 79|240|2 89|270|1.732 90|300|1 92|330|1.732
92: 91|150|1.732 90|180|1 89|210|1.732 88|240|2 94|270|1.732 93|300|1 99|330|1.732
93: 99|0|1 92|120|1 90|150|1.732 89|180|2 88|210|1.732 94|240|1 95|270|1.732 97|300|2 98|330|1.732
94: 98|0|2 99|30|1.732 93|60|1 92|90|1.732 90|120|2 89|150|1.732 88|180|1 87|210|1.732 86|240|2 96|270|1.732 95|300|1 97|330|1.732
95: 97|0|1 98|30|1.732 99|60|2 93|90|1.732 94|120|1 88|150|1.732 87|180|2 86|210|1.732 96|240|1
96: 97|30|1.732 95|60|1 94|90|1.732 88|120|2 87|150|1.732 86|180|1 85|210|1.732
97: 100|30|1.732 98|60|1 99|90|1.732 93|120|2 94|150|1.732 95|180|1 96|210|1.732
98: 100|0|1 99|120|1 93|150|1.732 94|180|2 95|210|1.732 97|240|1
99: 92|150|1.732 93|180|1 94|210|1.732 95|240|2 97|270|1.732 98|300|1 100|330|1.732
100: 99|150|1.732 98|180|1 97|210|1.732